# Number of parameters = 285 Objective function value = 382.301561159993  Maximum gradient component = 9.17364057015362e-05
# dummy_parm:
1.00000000000
# MGparm[1]:
0.563000000000
# MGparm[2]:
0.472000000000
# MGparm[3]:
0.332000000000
# MGparm[4]:
0.290000000000
# MGparm[5]:
0.267000000000
# MGparm[6]:
0.257000000000
# MGparm[7]:
4.00000000000
# MGparm[8]:
25.0000000000
# MGparm[9]:
0.400000000000
# MGparm[10]:
0.200000000000
# MGparm[11]:
0.200000000000
# MGparm[12]:
4.00000000000e-06
# MGparm[13]:
3.05000000000
# MGparm[14]:
0.130000000000
# MGparm[15]:
-4.14900000000
# MGparm[16]:
1.00000000000
# MGparm[17]:
0.00000000000
# MGparm[18]:
1.00000000000
# MGparm[19]:
0.500000000000
# SR_parm[1]:
17.4411308267
# SR_parm[2]:
0.740183120088
# SR_parm[3]:
0.600000000000
# SR_parm[4]:
0.00000000000
# SR_parm[5]:
0.00000000000
# recdev_early:
 -0.628434494598 -0.713490651409 -0.795665495384 -0.877503806749 -0.977112605658 -1.04551426916 -1.07829942127 -0.672440517833 -0.911439576096 -0.654651523793 -0.397662911949 -0.604954484878 0.201356080934 -0.632828308957 -0.961038785586 -1.01441224954 -0.385408986417
# recdev1:
 -0.749502863512 -0.428159048821 -0.00408653314537 0.214318717221 0.0313243285349 -0.325684277706 0.0822386615544 -0.506308944819 0.720278245670 0.641102632407 0.285830503547 0.203081217278 0.254986501536 0.00842228215508 0.100225618836 -0.130526532108 -0.185017356256 0.235846130830 -0.0604310070319 0.0571804023382 0.0885032012703 0.364895602511 1.08131297788 -0.282638478891 -0.362340450380 -0.0431141196032 0.256618880590 -0.0218851920929 0.275441434708 0.104285990709 -0.256694077878 -0.0155952683374 -0.300201334808 -0.128739419530 0.429260387358 -0.299999566653 0.0158349175439 -0.503186864513 -0.395216053466 -0.451661244927
# Fcast_recruitments:
 0.00000000000 0.00000000000 0.00000000000 0.00000000000 0.00000000000 0.00000000000 0.00000000000 0.00000000000 0.00000000000 0.00000000000
# init_F[1]:
0.0353983268057
# Q_parm[1]:
-7.00591813985
# Q_parm[2]:
0.00000000000
# Q_parm[3]:
-18.2125810830
# Q_parm[4]:
0.00000000000
# selparm[1]:
3.00000000000
# selparm[2]:
20.0000000000
# selparm[3]:
2.00000000000
# selparm[4]:
2.00000000000
# selparm[5]:
2.00000000000
# parm_dev[1]:
 -1.05341013402 -0.497012748812 -0.493626602754 -0.452208409686 -0.124037629320 -1.46277893727 -0.404575260189 0.0707147492519 -0.187689695480 -0.139519658448 -0.976066263029 -0.227480430705 -0.170097008496 0.113255461004 -0.415109922325 -0.906070584257 -0.205450978435 0.0464169170491 0.0597060587540 0.175031290613 -1.03224521286 -0.210942157622 0.0333314662166 0.0364016660181 -0.168473021418 -1.55126840774 -0.0252483166703 0.0257078150828 0.0881140275240 0.0929498290483 -1.31346736515 -0.663233264971 -0.0756397300139 0.0710733280947 0.0824512829197 -1.61226029900 -0.408310647795 -0.488935958318 -0.0317624067846 0.0905740999811 -1.30693072059 -0.582648053881 -0.263114477764 -0.358421904240 -0.0290764043181 -0.965282330310 -0.302628745194 -0.534233405587 -0.283402790033 -0.428913000237 -1.39736861849 -0.546663298197 -0.167069487094 -0.360576845855 -0.153713869433 -1.04945020572 -0.395876490639 -0.0247084609036 -0.00191041234283 -0.0722136363629 -0.532326297793 0.000699000209494 -0.152773690443 0.111157161020 0.209257047195 -1.14437179623 -0.269262481286 -0.0981736796957 -0.218082181721 0.0227362061833 -1.10654645661 -0.429438481796 0.0185842624815 -0.00548896597910 -0.0702883087757 -0.914465144249 -0.0390464618591 -0.164631668648 0.0674722668646 0.128796129336 -0.900124575018 -0.173136755241 0.0103541037158 -0.0642221403175 0.0872622332379 -0.703016304808 -0.340262927349 -0.0233647921117 0.0911192867661 0.0818767322009 -0.938429849126 -0.0854871412113 -0.0827295736715 0.186313502647 0.103876061132 -0.729913647910 -0.602571456628 -0.174426535953 0.0686661599335 0.00333618918736 -0.787896362983 -0.282708888912 -0.428079024971 0.0451617228565 -0.0774410166954 -0.792694339608 -0.490935207626 -0.0629566496989 -0.312345219122 -0.0799959380063 -1.16785846672 -0.414143369552 -0.306262148918 -0.128937004626 -0.0975166325807 -1.02171922437 -0.351082839559 -0.149237344589 -0.181313350913 -0.0623314811207 -0.750375543809 -0.402004826329 -0.0745007909013 -0.156123241338 -0.159377242661 -0.979061161293 -0.339394451186 -0.576031921098 -0.0141921183662 0.00232561386334 -0.570488196094 -0.100204793843 -0.0292800604716 -0.294043854026 0.166665383334 -0.774058531627 -0.0834888679516 -0.211467468342 0.128973350226 0.0241874736800 -0.940856112248 -0.319559612300 -0.0947869725672 0.0694132902473 -0.156855137370 -0.760902229568 -0.102733303010 -0.0164730806450 -0.0147134205215 0.136662766098 -0.851515868020 -0.322555822359 -0.233453917785 -0.119390330954 -0.0631498185795 -0.777025921247 -0.496711812391 -0.194975857295 -0.163498709261 -0.0968435341670 -0.691067483711 -0.236538860353 -0.157202267168 -0.265888393939 0.0596995983521 -0.902404586231 -0.327578083549 -0.133389575603 -0.355717626628 -0.0827929031529 -0.539421953799 -0.209328397539 -0.00647391109040 -0.0521824490112 0.0397111479467 -0.590668241848 -0.340237928758 -0.170707553474 -0.140515584640 -0.105170655631 -0.697299586601 -0.193720751410 -0.147562204048 -0.119418126416 -0.00386971479357 -0.803620186624 -0.287594349898 -0.188183484642 -0.156479411495 -0.156622429662
# parm_dev[2]:
 -0.374841256475 -0.131448358476 -0.0300198582001 -0.0471890130318 -0.0484703537041
# parm_dev[3]:
 -0.0858939533403 0.168327594008 0.0684052291927 0.0698616994078 -0.247392139532 -0.0393933090292 0.0451852947756 0.0147073480153 -0.227455487238 -0.278297368599 -0.248723801568 0.0413639987895 -0.378186091978 -0.213786624089 -0.428728557644 -0.346496740938 -0.763552416032 -0.457007147713 -0.420855205510 -0.114925280953 -0.182030467191 0.185119758205 0.0257219613775 -0.0576005318542 -0.153455608046 -0.194243869344 -0.150604186219 -0.0919833855672 -0.00528113677239 -0.164931456999
# checksum999:
999.000000000
